motif_id	motif_alt_id	sequence_name	start	stop	strand	score	p-value	q-value	matched_sequence
MA0079.1	SP1	970	351	360	-	15.4954	4.13e-07	0.00572	GGGGCGGGGT
MA0079.1	SP1	11276	592	601	-	15.4954	4.13e-07	0.00572	GGGGCGGGGT
MA0079.1	SP1	10160	884	893	-	15.4954	4.13e-07	0.00572	GGGGCGGGGT
MA0079.1	SP1	1815	143	152	+	15.4954	4.13e-07	0.00572	GGGGCGGGGT
MA0079.1	SP1	5829	238	247	+	15.4954	4.13e-07	0.00572	GGGGCGGGGT
MA0079.1	SP1	10392	928	937	+	15.4954	4.13e-07	0.00572	GGGGCGGGGT
MA0079.1	SP1	608	296	305	+	14.2202	2.43e-06	0.0234	GAGGCGGGGT
MA0079.1	SP1	3958	892	901	-	14.2202	2.43e-06	0.0234	GGGGCAGGGT
MA0079.1	SP1	11276	261	270	+	13.9174	3.25e-06	0.0234	GGGGCGGGGA
MA0079.1	SP1	5818	905	914	+	13.9174	3.25e-06	0.0234	GGGGCGGGGA
MA0079.1	SP1	5229	918	927	-	13.9174	3.25e-06	0.0234	GGGGCGGGGA
MA0079.1	SP1	8625	12	21	-	13.633	4.26e-06	0.0234	GGGGCGGTGT
MA0079.1	SP1	3958	761	770	-	13.633	4.26e-06	0.0234	GGGGCGGTGT
MA0079.1	SP1	9355	59	68	+	13.5229	5.08e-06	0.0234	GCGGCGGGGT
MA0079.1	SP1	3098	277	286	-	13.5229	5.08e-06	0.0234	GCGGCGGGGT
MA0079.1	SP1	11276	312	321	+	13.5229	5.08e-06	0.0234	CGGGCGGGGT
MA0079.1	SP1	3261	631	640	-	13.5229	5.08e-06	0.0234	GCGGCGGGGT
MA0079.1	SP1	5144	837	846	-	13.5229	5.08e-06	0.0234	CGGGCGGGGT
MA0079.1	SP1	4119	502	511	-	13.2477	6.09e-06	0.0266	AGGGCGGGGT
MA0079.1	SP1	10788	804	813	+	12.945	9.57e-06	0.0396	GAGGCTGGGT
MA0079.1	SP1	384	637	646	-	12.9266	1.05e-05	0.0396	GGGGTGGGGT
MA0079.1	SP1	5646	704	713	-	12.9266	1.05e-05	0.0396	GGGGTGGGGT
MA0079.1	SP1	11276	120	129	-	12.6422	1.5e-05	0.0479	GAGGCGGGGA
MA0079.1	SP1	8804	714	723	-	12.6422	1.5e-05	0.0479	GGGGCTGGGA
MA0079.1	SP1	5829	206	215	+	12.6422	1.5e-05	0.0479	GAGGCGGGGA
MA0079.1	SP1	10160	660	669	+	12.6422	1.5e-05	0.0479	GGGGCAGGGA
MA0079.1	SP1	9652	737	746	-	12.6239	1.75e-05	0.0483	TGGGCGTGGT
MA0079.1	SP1	3958	258	267	+	12.6239	1.75e-05	0.0483	TGGGCGTGGT
MA0079.1	SP1	751	390	399	+	12.6239	1.75e-05	0.0483	TGGGCGTGGT
MA0079.1	SP1	5144	854	863	+	12.6239	1.75e-05	0.0483	GAGGCGTGGT
MA0079.1	SP1	4916	574	583	+	12.2477	2.49e-05	0.0665	CGGGCAGGGT
MA0079.1	SP1	4151	135	144	+	11.9725	3.05e-05	0.0725	AGGGCAGGGT
MA0079.1	SP1	5829	13	22	-	11.945	3.13e-05	0.0725	CGGGCGGGGA
MA0079.1	SP1	3244	25	34	-	11.945	3.13e-05	0.0725	GCGGCGGGGA
MA0079.1	SP1	384	732	741	-	11.945	3.13e-05	0.0725	CGGGCGGGGA
MA0079.1	SP1	5646	519	528	-	11.9358	3.23e-05	0.0725	AGGGGGGGGT
MA0079.1	SP1	11276	251	260	+	11.9358	3.23e-05	0.0725	GTGGGGGGGT
MA0079.1	SP1	6635	159	168	-	11.9266	3.53e-05	0.0742	CGGGCGTGGT
MA0079.1	SP1	6635	627	636	+	11.9266	3.53e-05	0.0742	CGGGCGTGGT
MA0079.1	SP1	8625	14	23	-	11.8899	3.57e-05	0.0742	GGGGGGCGGT
MA0079.1	SP1	5646	463	472	+	11.6606	4.12e-05	0.0796	TGGGCGGGCT
MA0079.1	SP1	1605	494	503	+	11.6606	4.12e-05	0.0796	GGGGCTGGCT
MA0079.1	SP1	5229	991	1000	+	11.6606	4.12e-05	0.0796	GGGGCTGGCT
MA0079.1	SP1	357	519	528	-	11.6514	4.49e-05	0.0811	GGGGTAGGGT
MA0079.1	SP1	5229	857	866	-	11.6514	4.49e-05	0.0811	GGGGTAGGGT
MA0079.1	SP1	8625	339	348	+	11.6514	4.49e-05	0.0811	GTGGCGTGGT
MA0079.1	SP1	1594	110	119	-	11.633	4.8e-05	0.0844	GAGGGAGGGT
MA0079.1	SP1	3261	756	765	+	11.6239	4.88e-05	0.0844	GGGGCGCGGA
MA0079.1	SP1	970	286	295	-	11.3853	5.29e-05	0.0867	GGGGCTGGAT
MA0079.1	SP1	1577	602	611	-	11.367	5.6e-05	0.0867	GAGGCTGGGA
MA0079.1	SP1	12769	633	642	-	11.367	5.6e-05	0.0867	TAGGCGGGGA
MA0079.1	SP1	1605	865	874	-	11.367	5.6e-05	0.0867	TGGGCTGGGA
MA0079.1	SP1	3505	84	93	+	11.367	5.6e-05	0.0867	TGGGCTGGGA
MA0079.1	SP1	357	508	517	-	11.3578	5.64e-05	0.0867	GGGGCGGGCA
MA0079.1	SP1	357	129	138	-	11.3486	6.11e-05	0.0905	GGGGTGGGGA
MA0079.1	SP1	11276	662	671	-	11.3486	6.11e-05	0.0905	GGGGTGGGGA
MA0079.1	SP1	11276	577	586	+	11.3394	6.21e-05	0.0905	GGGGCGCTGT
MA0079.1	SP1	6220	450	459	+	11.3303	6.47e-05	0.0927	GGGGTGTGGT
MA0079.1	SP1	1815	823	832	-	11.2294	6.9e-05	0.0971	CGGGCGCGGT
MA0079.1	SP1	8319	131	140	+	11.0826	7.33e-05	0.101	GAGGCAGTGT
MA0079.1	SP1	384	596	605	-	11.0459	7.99e-05	0.104	GGGGGTGTGT
MA0079.1	SP1	384	598	607	-	11.0459	7.99e-05	0.104	GAGGGGGTGT
MA0079.1	SP1	5229	280	289	-	11.0092	8.04e-05	0.104	GGGGGGTGGA
MA0079.1	SP1	1605	970	979	-	10.9725	8.35e-05	0.104	CAGGCTGGGT
MA0079.1	SP1	8804	772	781	+	10.9633	8.43e-05	0.104	GCGGCGGGCT
MA0079.1	SP1	6635	63	72	+	10.9541	8.63e-05	0.104	GTGGCGCGGT
MA0079.1	SP1	3505	288	297	+	10.9541	8.63e-05	0.104	CGGGTGGGGT
MA0079.1	SP1	1815	588	597	+	10.9541	8.63e-05	0.104	GTGGCGCGGT
MA0079.1	SP1	549	78	87	-	10.9358	8.93e-05	0.104	CGGGGTGGGT
MA0079.1	SP1	384	728	737	-	10.9358	8.93e-05	0.104	CGGGGAGGGT
MA0079.1	SP1	1594	895	904	-	10.9358	8.93e-05	0.104	CGGGGAGGGT
MA0079.1	SP1	5829	102	111	-	10.7798	9.24e-05	0.107	GAGGCGGTGA
MA0079.1	SP1	4613	487	496	-	10.6972	9.95e-05	0.11	AAGGCTGGGT
MA0079.1	SP1	8625	577	586	-	10.6972	9.95e-05	0.11	AAGGCTGGGT
MA0079.1	SP1	12769	94	103	+	10.6972	9.95e-05	0.11	TTGGCTGGGT

# FIMO (Find Individual Motif Occurrences): Version 5.0.0 compiled on Jun  8 2018 at 00:22:22
# The format of this file is described at http://meme-suite.org//doc/fimo-output-format.html.
# /home/meme/meme_5.0.0/bin/fimo --oc . --verbosity 1 --thresh 1.0E-4 MA0079.1.meme motif_analysis_factor_five.positive.fa
